0
0
0
0
0
304569
0
0
0
0
691007
0
0
0
0
0
388921
0
0
0
0
273977
0
0
0
0
0
0
396859
0
0
0
0
702964
0
0
0
0
0
0
276698
0
0
0
329610
0
0
0
0
0
0
381558
0
0
0
0
661529
0
0
0
0
0
0
379368
0
0
0
0
383365
0
0
0
0
0
409650
0
0
0
0
578385
0
0
0
0
0
0
408150
0
0
0
368431
0
0
0
0
0
0
418448
0
0
0
418269
0
0
0
0
322978
0
0
354275
0
0
0
0
418548
237860
0
0
0
0
0
146053
0
0
0
367767
0
0
0
0
0
0
322729
0
0
0
437903
0
0
0
0
0
0
815378
0
0
0
0
319228
0
0
0
0
0
0
322110
0
0
0
0
397319
0
0
0
0
0
672448
0
0
0
0
576448
0
0
0
0
0
0
423510
0
0
0
0
0
0
328836
0
0
0
425878
0
0
0
0
0
0
631560
0
0
0
0
307347
0
0
0
316229
0
0
0
0
0
0
425408
0
0
0
0
0
0
683687
0
0
0
433922
0
0
0
0
312742
0
0
0
0
0
381968
0
0
0
0
378806
0
0
0
0
0
0
324919
0
0
0
0
444745
0
0
0
0
0
0
798902
0
0
0
0
369860
0
0
0
0
0
0
326282
0
0
0
395188
629273
0
0
0
0
367
0
0
0
0
658095
0
0
0
0
0
0
206888
0
0
0
389864
0
0
0
0
0
0
377982
0
0
0
550549
0
0
0
0
0
0
432783
0
0
0
0
0
334975
0
0
0
406361
0
0
0
0
402362
0
0
322745
0
0
0
0
299600
0
0
0
0
0
0
314100
0
0
0
0
0
0
0
0
0
0
0
0
0
0
0
0
0
0
0
0
0
0
0
0
0
0
0
0
0
0
371404
0
0
0
52
68255
1146005
0
0
0
0
0
0
0
1237925
0
0
0
0
0
0
0
1467148
0
0
0
321637
0
0
0
1178269
